100
3
-5 0 0 1 0 0
-7 0 0 1 0 0
-6 3 0 1 0 0
3
3 0 -4 0 0 3
-3 -2 -1 3 0 0
-3 -1 2 0 3 0
4
1 2 3 1 2 3
3 2 1 3 2 1
1 0 0 0 0 -1
0 10 0 0 -10 -1
4
219 -3332 -247 -1673 -2482 1744
1068 577 -745 2984 313 -2317
-1087 2955 1192 -1341 2139 543
13 14 15 0 0 0
3
2281 -1374 -1999 631 126 -1831
1047 -2379 4605 -4209 -2592 4179
272 153 -806 3578 2466 -2348
6
2637 -1415 -3666 1647 -2866 2462
-3288 -78 -2724 -1162 3835 -639
-4559 -4114 3498 4083 406 1500
944 -414 3209 1825 -1223 -3499
4092 600 -1898 -4935 4263 -3364
-2493 2764 -2754 -1458 -4415 3540
7
587 587 3955 1794 -3237 4404
3634 -970 4843 -2389 -763 -3899
-112 569 -3387 -2624 4284 895
-4566 488 -4850 355 138 -75
2967 3170 1287 -3502 2446 -4799
-817 -897 3903 4184 1894 3158
314 -4965 -4495 2182 -4762 316
9
1913 -3010 -498 4812 1728 3101
484 1868 4366 2398 1061 2561
968 -1308 -2577 -244 -1845 -2680
255 3040 115 -2329 1470 -792
-353 -2268 1912 -2414 3070 3485
1945 -1823 2082 -1835 -2860 3046
1803 1880 -4782 -2282 -3585 -4657
-3269 -829 2077 433 -2926 -1117
-973 3051 -2210 1461 3887 -2947
7
3007 1567 2590 -912 1933 -4597
1100 -482 -1093 10 -1433 -2480
1578 3019 3241 47 1463 4511
1375 -1102 -1466 3569 -620 1162
-4728 -457 2113 -2030 -4130 -2256
-4852 1677 645 -165 1150 -589
4493 -1809 -3340 -519 1637 4249
4
-2641 1136 -2407 2065 2274 3522
-2108 775 -1624 3652 -3201 -1389
2344 239 694 -1750 2795 -1938
-1605 -793 2436 -3967 -1868 -195
7
-406 -95 3179 2329 3590 2173
3893 -715 -36 3060 -2998 -3771
2456 3194 4999 -4639 4237 3217
-814 4450 -85 382 -1699 -4189
-2844 274 -4314 1867 2714 546
-3398 -2376 1031 -1456 -4270 -1622
1113 -4732 -4774 -1543 -1574 3646
10
3800 1987 -2109 573 -3793 4299
-2885 4755 1625 4264 -4670 308
-2540 141 -876 -4313 3434 1661
322 -1716 2038 4567 3716 -340
-4176 -4622 -2318 2788 -1047 -814
1678 1555 -599 -1915 -2499 -2560
-612 -4450 3001 3045 887 763
2035 2352 -959 -2678 4882 -2720
-1577 745 -3615 -3163 4985 -81
3955 -747 3812 896 -2366 63
10
507 -662 -712 -1353 1512 -1027
-4097 -3252 4975 -3432 -1301 -1164
1366 -952 -2391 -2227 362 -2451
905 2283 2405 4174 -3842 1833
-1306 -1591 1343 2054 4866 -3099
4264 -4844 -916 -908 4271 3108
2468 2416 -3441 -1118 2057 1794
1599 3111 -1377 2083 -4785 3787
-4818 -126 -1006 2392 -2791 2092
-888 3617 1120 1082 -1347 -406
10
4415 -434 -4615 3810 652 497
891 -2860 1762 -78 -4518 3340
-520 1218 -3849 -4095 -1559 -125
-314 4949 -3490 -4261 4410 1399
-63 1245 -322 4299 277 -4447
-2812 -441 75 -4699 2563 -2024
-1231 -3698 4958 -1431 945 -1462
-2558 -1070 2306 -1011 -4520 2222
-572 -237 4660 2580 1017 2201
2764 1328 -1485 2791 367 4009
10
-1890 -741 -3614 2938 4974 -549
-2415 1831 1795 -1444 -424 3272
-3036 -2071 -3754 1918 805 -2314
-3561 -1392 1443 -3591 946 1244
1108 2549 -1591 -1886 194 -1737
2182 3070 -4157 1759 -4450 -4112
214 -710 4758 3642 -451 839
2324 -3243 1429 -1806 2382 -1668
4071 -1571 -1292 -1559 241 4719
1003 2278 4983 -1856 1468 -1967
10
-1153 1181 3982 -544 -3481 1142
-1176 -3601 150 -1680 -1873 2455
-681 4199 2192 -1015 -3819 -3448
3945 756 -2628 1460 1109 156
-1187 -2795 957 2287 -3326 -3766
-3723 177 -2778 -2429 2912 -1564
-696 -4747 -4362 345 -2177 601
232 -3993 4710 641 2454 -3124
992 4035 1047 -1962 4154 182
3447 4788 -3270 2810 2256 2362
3
-355 2259 -452 -1107 -317 -1569
4550 -1412 1886 -1771 -2052 2785
-4986 490 -2456 4008 459 244
3
2420 -1588 635 -3694 -4517 522
-630 2270 -3679 398 4194 2580
-3830 2058 884 3704 -225 -2670
5
430 -486 -514 2129 3279 3037
-3259 347 -1355 -1106 -4051 2907
-909 1370 2042 3006 -3140 -851
53 -4149 2202 1597 3025 -1072
2346 1618 -4481 -4390 2087 -2077
9
256 -4628 4588 3926 473 1848
-3225 -3254 -515 3012 -1483 -357
1947 1722 -3619 386 2639 -3294
801 4231 -222 -3455 -4227 2340
4239 -2516 2258 -1865 -1946 -4690
-1355 1783 -3343 -1030 2933 3082
-3650 -745 34 -1625 1261 -3015
1804 2660 -4154 3304 3653 4614
-2780 -85 4102 -1143 -2663 142
7
-3003 1546 4850 3377 4501 1967
4650 -1311 -1713 -3619 -2339 -1098
-2550 -1239 -1686 4408 -2807 -2562
-1115 -3042 2077 -699 -3110 1525
-812 2155 3240 -1559 2021 1079
1357 1246 -1344 -4028 -14 740
-1852 -1331 -2289 2295 1852 -1816
7
272 4421 -330 2345 4311 1123
-2879 -3626 -620 2420 -1236 -391
-2516 3888 4826 184 2502 2653
794 -238 -3749 -3967 -1039 -1688
-986 -4088 -109 -2925 -990 1489
1586 1849 655 -208 -2174 -1757
3519 -1401 -493 2865 -4111 -2041
10
3358 -4687 2402 2436 -131 743
-4836 -2798 1242 2040 -1096 4092
187 -123 4927 -3555 -2575 1159
1778 4356 -1232 4602 -1221 -1123
-2643 -346 3014 -3000 3196 4782
-3503 2789 -4073 -1159 4692 915
4506 -1365 -4115 -2307 -4678 -2696
1751 57 150 -2101 3677 -3994
-2049 -546 -1340 1497 -585 -2899
72 3076 -1738 1941 -1397 -761
6
3508 4788 -3313 2999 -2885 -1224
-4881 -4745 1537 -4531 3301 461
1761 4516 1101 1419 -4659 1102
-422 2573 -1740 -3874 4564 -3423
-2444 -3153 4150 -72 -91 1702
2906 -4587 -1767 2026 2658 1534
9
-3466 -864 4286 -3596 1783 1191
-3278 -1212 -4473 3565 -3139 3541
-1713 -4041 -2481 -974 -1918 3341
4478 3121 -1266 4740 1561 -4601
2206 1647 2459 3175 -1453 -4466
69 -180 1820 -4022 353 -2554
4588 1907 -509 -1266 1834 1049
-1450 1915 2083 1927 2905 1765
-2201 -3762 -2816 -2487 108 1976
3
744 -1476 -4444 -423 -2175 -1244
-1341 -1465 1094 -70 636 -1969
717 2679 3722 433 1670 3027
10
-1061 -1681 -1536 -4459 -819 -4894
434 200 -458 -1221 2609 3693
2354 2736 1434 4807 4355 102
-1706 -1386 4326 -1235 -4125 672
-1241 -485 -1083 -2666 -2761 2087
3670 -4068 -1537 2982 2150 -825
-368 4156 -4762 3269 -1455 1630
-3549 -322 4777 -3208 -1256 -3013
-1798 -104 -3868 3303 2054 746
2329 2232 2428 -1468 -894 -167
8
4463 899 3411 109 -3764 -3626
-1940 2627 -1221 -654 -4476 -1422
1284 -2989 1244 4324 350 4653
20 2991 86 -3588 -949 2028
-151 -2871 -2484 693 807 1943
2082 987 2623 -1387 -3525 -459
632 4374 -2223 -4435 4147 -3586
-4333 -3689 -4105 2518 4670 3609
5
-1883 223 -4761 1195 -279 -4291
-3256 2476 4619 -18 -216 4982
4677 661 1646 2380 -2897 1118
-712 -4258 -1843 -568 2685 3984
-1262 -1062 -1817 -379 2807 -3483
8
-4882 -3827 4828 -776 1394 1021
4832 2902 -3202 598 -1274 700
-2518 2317 -2035 -2997 1773 -348
2602 4584 1114 -2758 -1923 226
-945 -548 -4794 2073 -1687 1252
-2120 -4972 4503 -4915 52 -3155
727 1194 -3973 4972 3599 -1252
2942 -3655 1241 3749 -1620 1913
7
652 4750 -601 -907 -3749 4746
-58 -1008 1691 -211 3787 568
981 951 -2034 -1093 -995 -4837
474 2828 -3227 -2398 -2505 -169
4866 438 2435 4081 -3602 -2349
-4674 -3333 -1372 -3931 3624 1402
-820 -2343 2419 3780 2369 1000
9
-851 2908 -897 3946 1435 -4002
3630 -2830 -3571 -3677 -3715 3527
-4567 -1383 4226 -3450 -4001 -2506
1672 1682 -2952 1824 1878 -3242
-2219 3559 -4115 4989 -4907 4690
3688 1186 4084 -4718 4226 3034
-3046 -3125 950 2641 556 -2314
2182 3622 -1020 -590 3040 -4085
-1101 -2954 4853 -694 169 4127
8
3484 -1587 -4227 -2494 271 81
-3608 4471 -518 3795 316 913
-541 -35 -3008 973 72 2833
2370 460 4830 -2272 4431 -241
362 1711 218 -3119 -2281 -3553
-2797 1150 -520 -1097 -2643 2649
758 -1308 -1183 733 1337 -265
2271 -3182 2641 3102 -1722 -2158
5
3027 -2314 2073 1166 -1171 1495
-4979 1500 -3460 -4511 834 2389
671 677 -805 -472 -627 -1086
3324 878 920 2371 -3035 1073
-2123 -2447 -484 1478 4307 -3501
8
-4094 1901 4669 34 -3477 1406
3480 793 -3006 -1292 -4105 -2903
1701 232 18 -1494 2436 -2898
-1729 -4573 1207 2450 -3044 3696
4389 481 -826 2181 2505 16
-3090 -4883 2396 203 2680 -2578
1955 4983 -753 -1906 1884 3571
-4100 2558 -2012 894 -19 -1634
3
2936 4135 -2312 -4225 -2935 2706
863 -1973 -1345 1721 -2063 -4314
-2450 873 1418 2332 4657 1873
7
1587 4352 -3061 781 226 -3984
3591 2955 -2070 2609 -2531 -863
2313 3601 4000 -2865 3598 -1206
-307 -4242 1474 -3582 3371 1839
-1919 -3597 1634 -2804 -4329 -2231
-2421 -4640 -4887 3421 -4173 4502
-1968 4740 4972 1908 1812 643
3
-2477 554 -756 -4185 -344 926
-1504 176 -155 4366 -779 -2084
4409 -2673 2696 -259 1525 823
8
1971 -1846 3642 1102 -2519 -3175
-4497 -2725 -341 -2158 -1087 3226
-3720 20 -2596 1213 3043 2557
782 -759 -3751 -1712 3209 4232
1391 251 -1549 1338 1369 -1970
3626 4228 2753 -54 -3316 -1359
3247 -3179 147 -503 -566 -2859
-2777 2754 907 779 -31 -622
3
-1446 -955 -3491 -1050 2472 2575
1431 -278 -1057 1773 1357 -3959
652 1407 3574 -1196 -3951 2104
8
2427 1529 2499 -3634 -888 3006
1528 -1186 -2088 -1113 2256 -2959
53 -1820 2001 -3396 -310 263
707 546 -253 -4313 1562 961
2179 3940 1058 2974 -4923 -3950
-3616 877 265 4772 3616 -1721
2681 1152 -3192 4332 -1224 1287
-3737 -3817 -1296 -689 -647 3546
9
-3762 3675 472 4394 -3785 1089
-289 -596 3476 963 4329 -3770
-442 -4591 3267 463 1270 4271
-125 -557 -1683 2080 -155 -1650
415 -3861 -2554 193 1030 1084
1923 4669 -3325 2518 -1665 -3800
405 -409 2327 -2800 2674 -2536
-329 362 2279 -3332 -2691 581
2713 -2065 -1719 -4595 -493 4348
7
2106 389 -2181 128 63 195
1488 -2771 -4293 -89 -1428 4061
244 4704 4578 -282 -2811 1928
-4102 -1740 -1204 1527 1534 -3101
3116 1210 1865 -437 -1371 -3877
-164 1744 -836 -1761 3151 -523
-2944 -3184 2415 -110 2270 2693
5
-4120 -571 2781 1782 -3470 -3925
3579 -3591 -3821 918 1504 -3048
-3216 349 -3480 4131 3746 4471
355 1283 -15 -1720 -3235 4295
3948 2985 4283 -4877 1650 -1901
8
1855 3675 -4686 1100 125 126
-3262 -4696 2634 -1373 4580 -2075
3227 4759 -3268 -1155 -1491 -4093
-308 3702 -3282 2149 -1939 -1086
2747 -986 2767 -2262 -4040 4724
-4646 -3980 3242 4609 3143 -2042
1081 -2049 1217 -468 -425 1239
1046 1285 -504 -1556 1073 2079
8
3332 -84 147 4470 -2817 1283
568 834 3777 -4410 3883 -332
-1192 -1653 -2123 -4158 -3154 -1003
3808 -256 -3416 -2436 3261 -2025
-3759 2804 1165 2319 207 -938
-2862 -3585 651 4842 -1217 3750
4584 -1846 -1646 -4863 4463 -1578
-4431 2394 1749 4248 -4974 919
10
-2769 -2494 2979 4229 127 -93
-994 -146 2460 -2135 4512 -2627
4925 -250 -2051 -3958 409 3635
-63 4640 -983 -901 -1172 2266
-3110 -2109 -2723 -1555 -2881 4474
3421 -882 1345 -3300 -2349 -3034
-4157 -1692 2531 1642 1836 -173
3675 2639 -2275 -724 3686 2163
179 572 3694 3633 -1837 -2023
-1077 -246 -4823 3099 -2299 -4434
10
-3647 3445 4750 2131 2674 4811
-2248 -4827 2782 -3462 -706 1455
1112 1313 -2735 1324 -4321 224
-1161 895 -4092 -2728 2956 -976
-2411 3083 2811 117 -1387 -2644
4242 -476 -1021 -103 495 -2262
-300 -2940 1964 390 4133 -2068
1513 2815 266 66 -1401 -1475
2454 -3104 -2077 4805 -225 1882
-530 4 -4104 -2906 -2140 507
6
-2416 3953 -436 -1315 -3297 3876
3993 853 -434 4266 272 2749
2184 4029 3191 1547 899 -3498
-1103 -3071 947 -1329 -1203 371
684 -2039 -3107 1742 505 -2405
-3168 -3533 241 -4679 3080 -557
9
2099 1810 3795 598 -1450 3499
-509 3946 -3288 -3127 -1012 3484
-4267 -3405 1970 -2132 3912 -2404
-260 -1741 -2938 -1204 -1736 -4363
-3051 2467 1348 -1698 233 -1793
2986 -4891 -909 4584 2567 1222
4688 1123 -2143 3708 278 -2460
-4757 -1464 -2417 -4520 -2932 4296
2926 1735 4937 3646 -280 -1126
8
3116 1684 4617 -2604 3051 4969
959 3204 848 -2828 -4915 4999
1821 -783 -3310 -2550 1654 -2673
2012 4704 -1882 1469 4087 1866
-1826 -240 4652 2531 -3589 -3869
1946 -2719 241 4233 -2182 -3045
-2541 -3418 -1668 -2179 -2752 -327
-4183 -2696 -2906 2906 4448 -1476
4
1396 3105 -4346 -4662 2176 -1332
-51 -1014 3595 -1639 -4714 1216
-1736 -516 36 3177 -2522 -3642
-635 -2169 -239 2326 4598 3016
8
-1 1 -1 0 -1 1
-2 2 2 2 -2 0
2 -2 -2 0 -2 2
-2 2 0 -2 0 0
-2 2 1 1 -1 0
2 -1 1 1 -1 2
2 2 2 0 0 2
0 2 -2 0 2 -1
4
3 1 -3 0 1 1
2 2 -4 -1 1 0
0 3 0 -2 4 0
3 -3 -3 -3 -1 -4
4
-6 -5 -6 0 -4 -3
2 2 3 -1 6 0
1 -6 6 3 -5 -6
-3 4 -4 6 1 5
6
2 6 2 -2 -2 3
7 -2 -1 5 -8 4
-7 -4 -5 -2 8 3
-3 1 -7 -3 4 6
-6 1 -2 4 -3 6
3 6 0 8 0 -6
9
-3 7 -5 9 9 -3
3 5 -3 -6 10 -4
2 -8 -4 -5 -9 1
0 -7 3 -2 3 -8
7 -5 -6 -4 7 -10
-10 4 -6 10 -8 -4
4 8 10 5 4 7
0 0 6 7 7 -10
5 4 -7 1 1 2
4
4 -1 -3 4 -2 5
-7 7 -7 0 -11 -2
5 -12 -2 -8 -4 -3
-11 -6 -5 4 -2 -11
10
-10 -1 -3 9 0 5
-10 -6 14 -4 -14 6
-9 -1 11 3 -11 6
13 1 14 2 10 3
-14 -14 -11 7 14 -8
2 8 12 -14 3 11
-7 14 -6 14 3 -5
-2 -9 -14 -9 -7 5
-8 -4 -4 13 5 1
-6 -7 -5 -4 9 4
7
4 -7 -16 -1 15 10
-3 5 9 -9 13 -15
-14 -3 -11 9 -16 -9
-3 16 -4 -7 16 -11
-10 6 4 -9 -3 14
-11 -9 12 0 -12 5
-16 -7 1 5 7 -7
8
-16 17 3 5 -16 12
1 3 4 8 -3 17
9 -8 -7 16 0 10
-7 11 15 -10 -13 -6
-13 -9 -5 15 -5 12
6 -2 9 5 9 -8
16 -8 13 9 -8 -6
8 -6 9 -4 -14 15
8
-14 12 -3 -9 19 -14
-17 3 -5 -18 11 -1
19 -19 -16 -6 14 -1
9 18 13 14 -12 13
12 14 12 1 -14 15
-14 18 7 19 -13 -11
-8 -9 5 2 4 -12
4 6 -1 2 15 -1
6
10 13 17 -1 -22 -9
4 21 -16 -11 -15 -19
-21 12 -21 5 -16 8
11 13 -17 22 -6 -4
-16 19 14 -7 2 18
22 17 7 3 -18 -19
9
-14 2 14 9 -3 -16
-22 5 13 -19 -2 -22
-6 -16 5 -5 16 -12
9 -15 12 15 -20 -2
-19 15 3 -1 -7 -15
-19 24 -18 -24 8 17
8 -14 -9 21 12 14
8 8 -17 -21 0 -22
-21 -13 -8 -1 15 -20
8
-9 -15 15 -7 -22 -16
-15 17 18 -3 -11 16
-25 3 -7 -26 -3 -15
-2 25 -22 -19 10 22
5 11 -2 -4 5 -21
-4 7 11 16 -24 12
-5 4 -6 15 -11 15
20 -24 8 3 24 21
6
16 3 -5 -27 -3 -25
-2 27 -21 -2 -19 11
-24 -18 19 -16 18 1
-20 -20 4 -22 1 -18
19 10 -16 -7 7 -5
20 14 9 25 -4 -23
4
-5 -27 10 -8 -20 23
5 2 -14 -19 -20 5
28 -22 19 15 -5 27
17 23 -29 -3 -11 2
6
-7 -8 17 27 -15 -7
-20 11 2 26 23 27
6 -19 18 -2 -32 -3
11 -19 22 -1 1 -8
0 9 32 -21 -17 -11
29 -23 -10 23 -18 19
6
-11 -2 22 2 7 -31
-18 2 -25 -25 -32 30
0 -5 -14 -10 9 24
30 14 34 22 -11 27
9 -19 -18 20 -14 0
-16 19 26 -33 4 -4
8
27 11 29 14 -12 16
-13 -24 -24 -3 -11 30
32 17 26 -11 7 -11
25 -34 -33 32 12 21
8 -17 7 -2 -29 16
-27 35 0 -24 -3 23
35 36 -16 11 34 35
-23 -33 -4 3 -3 21
8
30 35 9 30 -8 7
-24 -20 6 -4 -10 4
8 28 -17 -14 22 2
-28 -28 6 30 25 -34
-9 -11 23 30 16 -33
1 0 -15 -5 3 7
1 7 13 -26 23 31
-28 -17 4 34 -30 4
3
2 -1 -5 -4337 -3911 4717
-3 -9 -8 -4310 -4806 -2993
9 -1 -10 -2401 -2084 3315
8
-2 -14 5 2281 1159 892
-1 3 -7 -3434 2843 -694
18 -5 11 -2792 -3028 -3466
20 9 0 -2731 -2904 1389
3 1 -15 3663 -1570 -348
13 -14 10 1018 2717 -234
-17 0 -4 -2570 3608 3991
-14 -9 16 -1941 -1309 -2154
9
17 17 1 457 927 -2455
12 19 20 2474 -352 90
20 -21 -15 -589 -708 1484
-16 9 -18 -1953 -962 -1727
0 -27 24 -695 986 1759
-7 -24 11 -2963 -1681 -2342
1 18 9 1699 2758 -2235
-7 -28 -28 -747 465 -714
20 1 -30 709 507 2009
3
35 20 -27 -1589 -671 1314
-1 11 32 -1297 1764 -166
30 39 -12 -31 -650 315
3
-12 -47 20 -959 497 745
33 27 31 -766 817 272
-9 -14 6 -83 -461 -794
5
287 764 506 44 33 -1
-536 -749 71 -50 46 43
-484 291 -327 -24 34 -35
509 -140 369 -32 -17 50
-493 320 369 43 -7 -14
9
-919 -1023 156 -10 -18 -23
524 782 -444 14 -20 -25
-457 -680 452 -14 24 28
1679 -829 -1516 33 27 21
-503 -130 456 18 35 -34
-1024 -1193 -1058 -33 -40 -4
-506 1604 -162 19 -36 1
-1052 1272 -526 -28 28 -17
-1753 -1626 414 -9 -15 17
7
1842 -1027 1975 0 -4 -30
1029 2347 -1564 20 12 13
-182 -1174 -1789 23 -18 4
-1605 488 -6 3 12 20
3 792 1555 14 24 -27
1282 -2866 -2910 19 -8 -16
-122 1516 -2887 9 8 -24
4
-135 1553 -2776 -11 4 -13
2151 1060 -1400 -8 -8 17
-2701 -3719 -2891 19 5 -16
2263 -3275 -1695 -7 -9 14
3
142 -4703 -1023 8 6 8
2816 2733 2878 2 -4 6
3734 -2108 1765 -6 -5 6
5
667 228 304 -1454 -800 -373
3408 -242 2996 -1379 1180 -1873
-2962 1910 -2870 -1775 1132 -120
1037 2209 -746 -1152 -309 258
3540 2935 -1563 282 -1593 -27
3
13 -196 -67 -965 112 -930
-330 136 -123 -432 558 -423
-292 315 112 879 -908 1185
3
-2427 2178 -4043 -937 665 1893
3049 -1639 -3149 -95 752 2100
-1287 81 2207 -1802 1104 -1344
8
-653 -506 326 -2632 2913 -2986
-232 -476 -62 -2666 -4231 2906
-472 -766 701 -1859 -2382 712
101 -601 390 -2143 -2345 312
-296 355 710 187 1651 4114
-719 -473 473 694 -2824 1323
-146 679 549 -3605 3023 3543
-442 -669 110 264 2656 241
7
2453 -2899 2335 -1848 -1835 -442
-1657 1600 1901 1980 431 -1491
3102 -4491 510 2368 -2287 2841
3083 -1751 2393 -997 1743 -1540
-2814 1230 974 -1597 648 -1306
616 504 -90 1038 1637 2291
1222 4117 -3025 -1970 -1772 -324
10
1876 2379 -2740 436 -198 -6
3818 -3281 3462 -573 581 -281
-3168 4017 428 -291 -413 -587
-420 -1818 -718 -106 -218 -536
-4029 576 3737 516 458 -2
-3360 -1847 -4074 255 220 -181
-4060 -438 -409 -232 -381 300
3936 4100 -2795 -390 442 -414
-1658 3988 4048 -355 -198 -43
802 388 -226 -9 -95 190
8
-553 57 -1040 2958 463 146
1022 694 -669 -2313 1519 3321
934 -854 -455 49 -301 -1355
-806 339 -1075 -3751 3287 309
344 -460 -420 -3473 -1590 4086
-310 -977 -57 1676 445 2146
1053 363 -80 -575 -1498 -3142
869 809 -755 -1626 3175 -4006
3
1683 -358 -1901 2098 -719 -592
1195 -2149 -58 773 1636 1905
894 -368 51 -783 -1648 619
10
221 1698 4168 -352 -311 -1419
3768 -1709 -513 -1982 77 132
1359 1402 -2539 252 1452 -2802
403 1492 -2968 498 2277 50
2970 -1501 -3180 -2712 -1602 1360
-3857 246 1267 -3058 -3816 -4571
-944 68 -3612 -1641 -431 1373
-27 -3977 -2904 -974 4779 -2884
-4275 -2783 -3150 -1188 4798 -1296
755 221 -69 -1114 2442 86
10
-625 -186 -1564 -202 -650 482
-1811 -2779 2099 974 -1308 1230
-492 -556 -74 -322 741 494
-2099 -1046 -485 1235 -980 383
1755 2243 1965 -1403 1277 32
-71 930 156 448 943 -985
571 -1336 -816 -827 -1354 -294
317 -228 -564 203 -958 -325
209 970 -2507 -946 -673 186
127 -2870 -2429 581 -629 -761
5
277 867 1346 1566 -359 95
-754 45 372 -1265 1128 100
598 -973 -417 -1885 474 589
788 -1418 -148 288 -429 1852
1226 1322 1148 1567 296 -560
5
668 2464 -386 3502 3242 516
2797 -1758 325 3474 461 2441
1632 -252 717 3182 -919 -1884
911 -2348 -2445 3621 -2321 1421
-1461 -745 747 -1275 -516 -3163
9
121 3 133 421 1261 635
109 84 -109 1681 1842 1188
175 191 37 748 -554 945
-126 -36 -131 193 -86 -1337
96 126 4 1508 -157 825
-186 115 -9 -179 1060 -271
185 -175 48 -506 254 -1112
-158 32 -134 -1564 -370 -69
30 188 88 -1658 -1921 -957
9
1318 -845 -1196 -1554 -1275 -994
1936 -132 1392 -876 1436 953
765 -1940 -1689 -1184 -1175 -429
-1356 -351 -865 -591 -377 -633
175 -768 348 -1077 1802 155
1638 -1044 -1141 142 1912 1002
-262 -361 -1679 -1496 -994 -127
1901 341 -870 -371 -1539 -1063
451 -1391 -1611 -1543 38 -1491
7
-1833 -2006 -2167 -3622 2173 2595
-2175 -2014 2166 2907 -735 -4036
1335 -3976 1927 -4530 4469 -3184
-1351 -3134 -221 -589 1228 3028
1317 2011 -2043 3860 -1182 1394
2579 1823 2169 756 2015 2045
2853 -3106 1875 4374 523 -3400
8
1056 -57 -1318 3153 -2819 1851
-82 854 890 -3851 -1097 -3848
-1872 600 91 2116 -2423 2715
-877 1727 -1575 -4250 4461 -2300
398 -266 -1098 2521 -973 -2555
1848 -43 -818 3478 724 -1517
1391 458 -594 1957 -4012 -4489
1468 -1663 133 3361 -1512 -4063
10
1619 2684 3286 -1630 937 -916
-2979 -479 -519 880 1495 115
2437 -324 1165 511 -897 -630
263 3538 261 -1414 833 1073
1128 -570 -1033 1832 -856 -799
-2689 -3239 -2032 1411 86 1571
1622 -2824 1194 1538 435 -1284
-2951 2275 2414 138 -1141 -1262
-420 320 -2419 -12 -1660 -1242
280 -1642 653 28 654 716
5
-1305 -1952 2679 1062 -2616 2483
-335 -2326 2628 -1650 1416 -2500
2238 4102 -1287 -1863 -1937 -2205
943 2857 4209 2319 985 -1391
-2592 414 923 -1464 -1220 -2596
6
-973 -2061 -93 -3851 -4539 -2179
1790 -1460 -1970 4367 -359 2325
740 3276 -1750 -621 -4513 3227
-3613 -3494 3764 4553 -3306 4493
-3261 2278 2341 -2300 -3418 -269
-614 2438 112 -3118 3336 1920
