100
3
-5 0 0 1 0 0
-7 0 0 1 0 0
-6 3 0 1 0 0
3
3 0 -4 0 0 3
-3 -2 -1 3 0 0
-3 -1 2 0 3 0
4
1 2 3 1 2 3
3 2 1 3 2 1
1 0 0 0 0 -1
0 10 0 0 -10 -1
4
1929 1183 -2450 -3510 -2988 4673
859 -1752 4193 -676 85 -792
-2588 769 -1543 4156 2873 -3911
13 14 15 0 0 0
3
-2049 -3256 3096 -1884 -714 -3034
1688 -2713 1441 4430 -507 2441
3961 2369 -2737 -2546 1221 593
7
-3975 1098 -1709 -514 506 4501
2745 -4566 -4170 74 3696 -251
953 672 2707 1450 -1363 2872
-4993 1221 3756 -4523 -554 -4306
-3080 4260 -2302 -2210 2662 -2627
1395 884 293 2587 -202 698
3521 -761 2610 3136 -4745 -887
8
-3837 -89 3873 1454 191 -4643
292 4016 -2472 -4150 3815 4723
-2682 3773 -2116 -4485 158 -1974
-1117 -2821 -722 -107 3652 440
-1503 -4410 2615 2653 -3610 285
3272 604 747 -3011 9 1963
-1280 -1528 -3898 4033 -1167 -4502
2520 -3438 1457 3613 -3048 3708
8
3320 -3963 436 -4399 -1367 3931
-1322 1092 -2369 -1459 -3766 -2828
1027 2672 3814 1519 3194 2357
-290 -4999 -3528 2161 4983 -4234
635 177 2592 -2398 1865 843
-1893 2687 4368 3423 -3764 -580
315 2211 -734 4123 -1924 4962
-1422 1317 -139 -2970 779 -4451
5
2044 -4032 837 1926 28 2391
-4233 791 590 -22 902 -2646
827 3003 -19 4377 -653 3011
347 -2668 2146 -3980 -4420 -2151
2574 3270 2417 -2301 4143 -605
7
2242 4759 3308 -1409 2676 -831
-2004 -686 -2789 2171 -2281 4440
-3133 4863 2968 -1383 -1545 -3829
4112 1112 -76 840 2640 -3150
2708 -338 157 -4267 -1851 332
-2078 -3420 3119 4136 -418 262
207 -2235 -3305 -88 779 2776
7
3258 1977 -2555 3440 -346 -1120
-2267 -647 -2184 -31 1908 -3975
-2180 404 3610 2800 -1240 749
-4518 2008 -1801 -777 -1596 1112
3925 2248 -468 -3598 1395 -1933
2565 -4758 4196 -777 626 4213
-783 -1232 -798 -1057 -747 954
10
68 -3619 4310 -3676 2509 -4898
-830 -2761 -3206 -1776 3191 -3591
2434 2977 -3444 418 -2024 3252
-3304 1830 -3800 -2971 -4736 2767
3139 -379 1619 4109 252 -2945
-109 2628 -829 2123 3668 2957
-2443 -929 186 4731 -688 377
2800 207 -665 -2360 -2483 -1204
2646 -1429 3986 -1959 -2309 3303
-4401 1475 1843 836 -290 2388
10
568 4319 -1237 -2354 -4956 -2247
-2361 -507 3303 2892 -1188 -2515
-4116 -4550 2246 -3528 1523 1045
3319 3375 -1088 3601 136 -4122
3777 1160 3423 -1050 -2851 1577
-239 -2454 -2206 1838 727 -1300
3415 -3446 -1012 -1854 1300 3382
-263 2469 1355 1280 -4007 2659
-1692 -3077 -3732 -3585 2111 -2816
-2408 2711 -1052 -2684 1709 220
10
4872 -2246 2935 -4188 3528 761
964 4438 1869 -2782 999 936
2208 1268 1411 2795 -3701 1218
-4291 -3878 -46 -539 -21 -468
-3927 -2401 92 -1379 4111 -3233
1727 4400 -4076 -2040 -3525 -1752
-77 776 -3962 -1326 -3425 -3573
1213 567 2572 3740 2036 -2801
-3918 -4112 -2104 1600 4316 2179
1229 1188 1309 257 483 4616
10
-1049 4543 -4092 3609 -1825 4041
2426 -436 502 -2358 791 2898
4028 -2664 3419 3164 575 -69
-3952 2368 -2367 4240 1171 1745
-4245 -358 1332 -393 -3290 2672
1802 1176 1982 -3825 -1682 1771
-1399 -662 1236 327 3675 -3588
-1176 -3122 455 -153 823 -4111
3449 -854 -1638 2251 -763 363
116 9 -829 -2766 1850 -835
10
1169 -4397 -2681 -4098 -907 -1084
-165 2856 -1628 -912 -622 3594
-2158 407 -2250 -1959 2599 2179
890 -813 2484 1492 -280 -2459
-2547 623 74 1123 -361 -4828
-3806 2487 -4073 -2750 -4486 861
3016 -2291 3873 -515 -1193 -1407
4870 2803 493 443 4037 702
1298 -2064 -1150 -2804 -1544 4178
-2567 389 4858 4084 -1219 -660
10
-732 -1098 1814 -1413 -1256 1326
1843 -1613 1915 -1847 932 -406
29 -1980 -3538 -4095 2145 -1103
4289 1026 318 1630 2748 2870
209 -886 -1608 -1481 -4701 1927
3693 4180 728 3579 -891 -4232
2834 -1449 -1136 -4392 4242 301
-1810 -998 3110 3580 168 -4876
-3846 -1879 -4985 4655 -2563 -354
-4689 4307 1812 -398 -785 4704
8
2269 580 -3498 -4177 -295 -424
296 3312 -849 736 -4820 130
-4646 -4008 -4302 1271 3137 2150
4168 4842 -237 822 -2928 846
1430 2234 3376 264 1166 2401
-4316 2 -1454 -2370 1582 -893
-2824 -3231 3770 -317 4150 -1204
4352 -4991 3347 3366 -1292 -3091
4
-656 1955 -3844 -2783 4371 -228
-1279 -2994 385 4321 1412 920
3389 3602 1956 -3203 -3159 -3158
-2468 -2869 1551 3862 -1961 2362
8
-1919 -1814 -4194 2281 -1957 3894
392 1914 -2620 861 1274 -2505
2655 3682 756 1176 361 -3827
21 4931 -3589 -3379 -2887 -1949
1755 -480 791 924 2185 4436
-80 -2812 1479 -1613 3568 -2429
-2368 -3167 2918 -2836 2377 911
674 -3584 3329 1908 -4123 2147
3
493 -4687 719 -745 3738 1498
1596 572 -899 -861 -4948 -4626
-1574 4195 365 473 1034 2721
4
3683 -2035 513 -1670 4946 976
-565 -655 3950 -3941 -2398 -3273
-4572 843 -2519 3838 -1053 2346
1058 2387 -1926 2059 -1885 -62
9
-758 -4354 -4908 -329 3776 -230
-2073 3399 2610 -61 -4883 3651
4380 1168 -1508 675 3532 1593
965 3815 349 4299 -1494 -3719
-3145 -3681 -57 -4843 -1451 -2556
-1709 -409 556 3342 3635 3345
1001 874 3139 727 1010 -2164
436 -1153 -644 266 -19 -438
618 -99 1373 -3050 -2522 -2758
10
-1609 -1807 -2333 -1803 -3969 -864
-993 -922 1703 2252 -2875 4081
1125 4470 -540 2695 -1609 -3119
94 -4616 266 -3078 2548 2991
2915 2006 4185 1013 -4619 -932
-4021 -2197 3457 930 2279 -1422
4988 302 3529 -1824 3369 -4457
620 1191 -3695 -2569 1715 345
-3137 -1925 -1936 2481 -710 1418
-29 3630 -4502 608 1891 -51
5
324 491 1453 -1664 139 -2922
1021 -2324 -1121 -2044 -1101 3753
4594 1944 -3026 4788 3946 92
-4623 582 -84 1545 -4915 3766
-2120 201 2028 -2357 1633 -4439
5
227 -1560 -859 -3561 4246 -384
4078 -16 -3904 -2093 1503 -3583
-1424 1373 2374 2506 -4785 1037
-1469 2775 2038 2582 -3516 -1372
-2164 -1588 1231 2164 461 2432
4
-2659 2466 1779 3159 -2050 2066
-382 1216 -4944 2338 -3504 -10
1058 -4664 -1011 -860 -55 -4492
651 2098 2997 -1973 3377 4794
5
-4420 -3102 2210 -2529 -752 -804
2574 4280 970 -3093 -753 2123
842 -4208 2006 2095 -4037 3651
-3090 4169 -2224 1131 88 -3980
4479 -589 -1774 2011 4904 -2178
9
2798 1658 2092 -4939 -4176 -749
-3311 -2391 -1601 -3779 -3031 -534
-1230 4564 -4489 2911 601 4304
-3377 -3086 2981 4727 -1507 -2236
1798 -4223 2400 -2207 2708 3622
4290 -545 -4322 -2728 935 -4727
-760 -83 -140 1830 3188 2873
2174 1100 3859 -2268 1818 -4423
-589 993 -868 4823 1294 1950
8
184 -4381 -1505 1604 2776 3717
-1731 -1260 3286 -942 2172 1636
-75 1129 -4719 -1725 -3517 -19
4658 -2736 3086 3081 -4523 211
-151 -535 -4454 -1927 4271 100
2292 4739 1791 1568 -1216 -3789
-4778 2564 2030 -377 139 -4437
-2802 -1378 2684 -1010 49 2368
10
-2502 2233 48 -3373 89 1591
-3995 -2855 -4156 1289 -546 1561
1883 -1104 3414 666 -144 858
532 -3313 1417 -2962 -2772 1024
-864 -4113 1722 -4104 683 -3543
-225 1981 -3303 2055 3124 -4336
4563 1877 3496 356 -1578 1842
-3884 191 3727 2688 -2717 2285
2027 283 -4237 -1627 158 -2364
2859 2410 -4556 4799 4899 2354
3
-2507 -4700 -1360 -2948 685 2845
4512 1794 2639 4561 591 136
-3951 2809 -918 -723 -1206 -3142
4
-8 2648 1225 -2555 2943 -1225
-823 -3239 -447 3243 -3425 3561
-1044 4491 -4472 -2317 3214 -802
-450 -3020 3983 2389 -3052 -1645
8
3064 -4377 -2789 -2707 -3070 1077
-1762 2 1603 1784 1109 23
507 441 4595 -1375 4611 -4396
-573 2499 2232 2459 -2726 902
-1152 -3666 -3508 -2484 2186 1973
2614 -584 -3168 -716 355 639
-2063 1119 904 -531 420 -2093
1709 2251 37 2602 -2003 1941
10
3257 -1332 314 -1258 2291 -2073
1137 3877 -3343 1483 2144 2323
-861 1134 -1392 -4705 -4972 4924
-1016 -1562 2475 1385 125 16
-1546 -3289 -1522 1798 3841 -2633
-2349 -3589 4944 26 -535 1444
1766 -1662 -2140 -2886 -678 -1557
-4678 2236 -1094 -1442 3224 -4565
-2806 2182 531 1878 -720 -870
4790 -54 1749 4938 -3678 2713
6
-22 -1156 1516 -29 3539 -4765
1238 -3069 -1575 392 -1974 -4065
-1390 -1868 -2491 -2820 -1546 3920
711 1216 3207 -4082 -852 2282
-3101 2814 -1197 4631 -3282 2661
552 1996 119 2514 4113 62
10
-1492 -2282 1753 -322 -42 2240
2516 2820 -446 1385 -3636 -1798
2516 3471 -3990 -2198 613 -855
4133 4633 3316 2051 -1319 -1691
-4837 751 1104 -3767 318 -1822
165 -2891 -196 -2376 2079 475
-1082 -1646 4731 1645 1807 -456
1633 -1077 -4596 4003 2274 4211
-4979 -509 1543 -3286 -976 335
-1300 -2829 -4390 3596 -1251 -261
6
-4324 -2324 3371 4541 -1579 -4188
786 2227 -2488 -4962 1140 -348
-1527 4551 -4140 1348 4112 3969
-3509 -4590 4524 -1978 -2892 -109
4841 1654 -986 -2035 847 -499
2352 -3623 335 4065 -201 709
4
3998 4148 -3341 4320 -3526 -2295
-1560 2091 3323 -3056 1990 -828
-942 -2305 964 2386 2798 -643
-1271 -2035 1582 -3674 -1447 3488
10
-525 -1659 -1688 -61 -2651 1543
-1307 3347 4491 -4456 -3788 856
710 1098 1300 -136 -3279 4579
702 -1442 4718 -1903 4506 3677
843 -1238 -1723 3834 2359 -4137
899 -2315 -2975 4059 2891 -4596
-1796 -428 482 -353 -3421 1136
2935 -860 2809 543 4628 -175
-3248 -2255 -2179 -3318 -1030 -155
2966 3173 -3445 1476 188 -2955
7
-2913 1125 -2132 -3858 -4800 -3060
2638 4642 -4143 1993 1283 -587
-53 -963 3647 -1527 1153 -152
1556 -2466 989 2368 -1043 2114
-762 -833 -400 4824 -1420 814
-3485 764 -3416 517 662 1906
401 414 2398 -3059 2934 478
7
3149 4792 -1449 2572 -3720 -344
-1536 -1627 -1276 -1124 1063 -2542
-577 -1365 -3432 1225 3447 -4473
-1324 1201 3638 -1660 -2808 3821
3473 -1426 1548 2823 -4042 2309
-2654 -2341 3980 -2923 3084 1506
-3228 -1775 -4094 683 4475 407
10
818 -4018 -436 -66 -2099 -4333
2913 -713 -3203 973 -3694 225
-4108 -735 4162 -2413 -1824 1440
2800 430 -4984 -2411 93 960
4099 -96 2792 1417 1045 -191
702 4404 4497 -484 -655 -569
184 -1312 3889 -1308 2183 2804
-3137 -476 687 1571 2528 -317
-2351 3670 -2792 -2470 1817 2186
-2644 -898 -4880 3743 1118 -2741
10
2254 2038 -196 -2926 -3094 -1468
-1504 -3220 1222 -627 -1994 -660
2938 2518 -436 307 4036 777
3466 64 -2791 -659 1650 -4227
-706 2171 1739 934 -683 2291
-262 -830 2370 -3288 -3222 -1544
-4472 -2854 -11 4625 2155 361
-1003 -3355 -3022 -3590 -1875 348
-310 543 -1120 4908 208 3120
-719 2919 2494 -108 2811 1334
8
4816 805 2249 -2488 3829 -4670
1576 3922 902 1622 -2252 -3249
-2494 4408 3616 -3696 -3496 -699
-4954 -3791 -3594 -962 559 3235
-1234 -2852 -3626 2651 1073 3374
2395 402 2200 -3764 -2252 912
-3067 -3679 -1709 2337 1605 2856
1758 974 662 3096 1123 -1059
3
464 -3844 1980 -1377 507 2374
-4478 2263 -4224 -1168 3756 -888
3606 1893 2884 2239 -4029 -1006
3
3110 -1096 789 1930 -4411 3818
-784 1730 703 -675 2652 -1964
-2370 -434 -1670 -1475 2759 -2744
9
1493 -4590 466 3269 -2442 -4325
-4370 567 -2024 -1259 2802 4418
704 -1996 102 -3697 224 312
4572 -816 -2100 -3220 3888 3647
-4635 4244 141 -1278 399 853
2478 1241 -118 3407 2531 4302
-4431 106 1819 1199 -4422 -3506
-23 -247 -1327 486 -1761 -2575
4099 1482 2969 415 -1273 -3558
6
-4945 1786 -3228 2050 -695 -1102
-1754 3058 -3031 -3397 -2361 -611
3747 -1196 4172 -493 4271 4674
1572 3752 1179 3433 -786 -1959
2622 -4345 -4774 -4356 2572 -2418
-2619 -3190 4170 1386 -3136 -96
5
-4296 -1963 1816 -1846 784 -4801
248 66 3076 -1578 -3485 1092
-1199 -4620 -275 2631 2056 2466
4908 3551 -4799 -1248 1087 1845
378 2947 144 2119 -480 -678
9
-209 -1846 1291 -2621 898 628
2825 -2098 3351 4668 -2501 751
-2577 3227 -2475 2080 -47 -22
-365 -4526 -3829 -1363 3870 -3999
-2378 -4044 -4041 2522 -2302 -4899
3232 -3020 1429 -4025 3487 4683
1599 4404 95 2063 -3253 3218
-3304 4332 -284 -4268 129 2959
1055 3391 4161 334 -1181 -4829
3
3773 -3751 -3539 1074 -827 4963
-3654 59 135 -3807 -252 -2716
-1010 2495 4700 1941 15 -1095
4
-1 -2 0 0 0 2
-2 1 0 -1 1 -1
0 2 0 0 -1 -2
2 0 2 1 1 -2
8
3 -1 0 -4 -3 2
-3 3 0 -3 3 2
4 -4 1 -3 4 -1
1 0 1 -1 -3 0
-2 1 -4 -2 4 -1
-3 3 0 -1 4 3
-4 4 2 -2 -3 -2
-4 -3 -3 -3 3 3
4
-4 0 3 4 5 -2
-3 -2 6 -3 3 5
4 -1 -2 -6 -3 5
0 -6 1 -6 1 -4
6
-6 -5 -5 -6 1 -2
1 4 3 -6 -1 5
-2 4 4 -2 5 4
-2 6 3 5 0 7
-1 6 -4 3 -1 -6
2 -1 -6 -8 8 -6
6
5 -5 5 3 -2 -8
0 9 -4 -9 -7 1
4 -2 -6 10 2 -5
-8 1 5 -6 -10 -2
-3 3 -5 -9 -4 -5
-4 -1 6 -2 -5 6
9
10 3 11 9 -5 -12
2 9 3 3 5 -7
11 1 11 -10 2 -3
-5 -10 -4 9 -10 7
3 4 11 -1 -5 -12
-6 7 -10 3 -11 -4
-2 -10 1 -12 5 5
2 -9 5 -5 1 -9
8 -3 10 5 -10 -10
8
6 -14 -4 5 -7 4
7 13 -9 -12 8 -6
6 1 -8 0 -5 4
12 -6 -1 -11 11 -3
11 -1 12 14 6 -5
-9 10 2 14 -12 2
0 7 -11 -6 -1 -14
2 3 2 -5 -5 2
3
-12 -3 11 -6 -6 4
15 11 -13 -2 11 -16
-5 15 7 2 3 13
3
4 15 14 17 -4 -17
-5 2 16 18 6 17
-2 -3 14 15 5 -2
9
20 5 16 -19 10 16
-1 9 -13 -11 1 -3
5 4 10 15 17 -11
-2 18 10 8 -17 2
-15 -7 -12 17 -14 13
2 -1 2 9 14 -3
-17 -15 13 20 -12 11
8 -3 20 -5 2 5
-4 11 19 18 -2 -6
4
-10 -13 8 15 -16 10
-15 -6 -6 -7 -16 22
-9 7 2 0 -2 -22
5 -19 -5 -11 3 7
10
0 -5 -20 -20 -23 -3
20 -4 -21 -1 -16 -22
7 -22 5 -8 7 8
-23 -17 -2 21 23 -24
-7 2 -12 8 19 22
0 22 3 -13 -20 -24
-11 16 -24 21 21 -21
24 -23 16 13 11 23
-13 4 21 -22 -7 -23
6 13 9 19 -20 15
7
-1 20 12 17 -10 -25
-1 -15 12 17 10 16
1 15 10 12 26 9
-25 4 2 6 24 -23
-18 19 16 -11 -24 -16
11 4 -9 3 -10 24
-24 -2 -10 5 -6 21
10
11 -4 -22 1 -27 21
24 -7 27 -22 14 -1
15 -14 -3 27 -22 -2
-18 16 25 1 13 23
0 8 4 -23 7 4
-15 1 27 26 12 -1
18 -19 -24 -5 -26 -5
-18 26 0 -13 -14 -13
14 15 -3 -20 17 -20
-1 -28 21 -12 17 14
6
-11 -15 -10 -27 10 -16
-12 22 6 -30 -21 17
-5 6 30 28 -1 -6
-28 22 26 -5 29 -21
1 -7 17 -13 -16 -27
17 -1 15 1 27 -2
5
-6 -6 -22 11 -8 -6
31 -32 24 -11 14 -17
27 -12 8 3 14 13
3 21 22 23 26 27
31 -8 -3 -1 -26 9
7
-2 30 13 31 21 0
24 -9 -26 -9 -7 33
-28 -13 -25 -17 -29 4
1 -33 -24 -25 3 -24
17 1 30 -27 9 0
-13 32 33 -3 29 -17
17 33 -30 -4 -17 -25
10
-26 27 25 11 24 20
35 -16 31 -36 36 -34
17 8 -3 17 -30 25
3 24 -36 -19 1 14
-35 -26 -3 -36 -32 1
0 -12 -9 -29 -35 -22
-18 -26 8 33 7 18
36 -2 6 -19 19 31
-8 2 -13 13 -14 -28
22 -21 -14 9 16 -33
6
-8 38 27 -20 -32 -18
-34 28 -34 18 10 28
0 -5 29 -13 -14 -26
36 3 22 -28 9 -18
-17 -9 -12 29 15 -19
21 -19 24 -29 -13 11
4
-2 10 7 -4391 1552 -4350
-7 -3 3 3831 3900 2319
-8 -2 -4 387 -3580 507
9 7 -3 3884 403 950
3
-15 4 -20 -2235 624 3895
9 -14 11 2312 -1375 296
-12 0 18 2761 2998 2104
7
-19 23 26 1933 161 1474
13 24 29 -2029 565 2943
-4 0 29 -2742 2997 -2661
12 1 4 -1667 1661 395
9 19 -17 1881 1829 478
-27 -24 -16 2230 1086 -90
20 22 23 2179 2320 1307
9
-20 27 17 1059 1904 -1558
-28 2 8 695 827 1239
9 -14 -28 -747 -496 802
-6 -4 -7 472 658 723
0 -30 18 -250 -1291 -443
38 -34 -37 -1930 756 1668
-28 22 -38 -401 -1355 -1850
24 32 -34 -964 216 1565
7 -10 3 -167 -1297 1900
10
45 16 -29 781 -583 -896
31 19 -13 -814 -350 436
3 47 -36 205 134 426
43 -21 -45 -190 -275 496
-10 2 -39 918 -857 125
46 -35 -23 174 -776 9
-2 10 50 983 -191 235
8 19 -35 407 -4 -834
47 -7 -27 256 -185 -448
13 19 -20 -550 661 -768
10
-824 -194 521 -43 -25 -4
-187 405 -207 -47 -30 20
-222 -830 907 3 10 8
-573 313 -360 -9 23 19
-695 94 701 -39 -35 -24
892 -195 100 39 -26 -1
61 858 65 -18 48 18
-417 6 -461 18 -31 8
5 191 -594 49 -45 25
-378 639 584 17 35 -48
5
-673 -8 627 -14 35 11
-1775 305 -686 -23 21 -23
1214 -97 -884 -11 -30 13
1269 717 -1529 -37 34 -5
758 1048 -1690 33 -36 8
10
186 -2587 2384 -11 13 6
-203 132 -2706 13 10 6
1577 1096 2005 17 -26 18
-22 911 -1146 9 8 -3
-1196 -2417 -2084 -12 28 20
-651 -495 -2387 12 19 -22
2973 -1150 -2118 13 -29 5
-863 2004 -1274 18 13 18
-1422 -1933 2711 -27 -11 0
2784 279 2634 12 19 26
8
-3112 3152 -2506 -7 17 -12
1562 3674 633 20 6 -1
-128 -3062 2402 -13 11 -5
-936 2186 -2074 4 14 17
-1370 289 2115 17 11 14
-3676 382 180 17 0 12
-691 2179 -2473 12 16 -6
-3555 2978 3663 -2 -9 -8
4
953 -4253 -2327 -3 5 6
3148 -2341 -1859 -4 -7 -4
1414 3977 522 -7 -1 1
4785 9 1864 4 -8 0
5
-1274 5 -1036 -840 -54 -961
261 -837 1501 -175 -622 -509
2812 -2345 -1897 967 679 847
-1083 2908 -2475 -92 -832 -939
529 -1988 -1223 -967 486 170
3
237 -153 -727 -969 -169 400
-2978 369 301 137 -1291 1372
-2887 2646 -761 902 -1155 -2509
8
-1286 275 1419 -409 -1424 1492
-1007 970 2420 3141 2337 -3876
999 -2492 809 -2213 -2115 1360
780 1973 1412 -2712 -4012 -2344
-1497 -1538 952 -3128 -1376 3509
-290 2831 2623 -1623 -1212 2328
1130 1489 1449 -2991 1714 3090
-2138 -2678 -2045 -1794 3935 -2524
7
2754 -2878 1482 2504 -768 -1762
-3653 4131 -3628 -950 -285 204
-2222 -1998 1237 1308 -1018 -727
4386 -2024 2139 1901 1950 -648
1378 4521 1752 -2486 -2030 259
-3630 -800 -3950 -1527 1850 1419
-1623 -1255 3228 1508 -345 -1349
4
2899 -2812 421 -373 -169 -1824
-3802 1495 3216 -1152 1635 1135
-828 -1625 -794 2237 2334 -530
-2530 -2156 -1074 641 1912 290
5
202 -54 -25 -734 -1155 1358
-483 -496 1292 -88 -1211 -298
-706 -645 -512 -509 -790 -638
-266 -749 431 -1327 -274 1650
-144 1425 776 243 939 1753
9
-2749 -3541 -2604 -1073 422 636
3313 2197 -1249 757 1046 212
2869 -1835 1318 825 -595 -1440
102 643 164 583 658 1458
-1529 3367 -3269 -718 -1018 775
827 -275 -3152 614 954 94
2909 568 68 1277 -500 626
3336 -3479 1091 -1093 1073 1419
-116 10 -1120 600 912 -746
3
-4352 2579 2202 -302 73 -41
-135 -3029 2146 106 -344 89
3150 -2877 4518 -207 131 295
5
-1680 -3451 -780 67 448 150
2023 2891 3700 155 -450 -206
1575 2835 -1088 -351 367 759
3543 -1406 3617 -512 32 -583
-2223 505 1811 -776 620 233
3
-766 -200 311 832 393 1539
507 249 447 799 95 998
1262 -1233 528 1605 -101 -1030
9
1460 1467 2870 195 -2351 -943
156 -192 -137 2456 -1069 -2856
1907 2364 2522 -4051 1642 -4046
-1065 1374 2210 1461 -3113 -4024
-2132 1982 2967 -2505 4370 -868
-1575 1859 2598 2009 376 -2305
2299 2559 2041 -4195 4257 -353
2608 394 -1673 792 -720 -2423
2681 -1337 2197 -2795 1457 -2791
5
1169 570 -206 -2123 -1713 1132
2800 347 -2736 -1116 1318 510
2074 2315 1420 1602 -1160 -2587
-920 1623 1590 1955 -1506 2989
2208 -777 -357 -285 -3366 3375
10
382 21 -52 -359 -383 -500
130 -372 -186 -617 -368 -814
-324 106 -261 -277 804 645
-230 -398 -113 721 -680 -71
78 341 274 -732 -262 453
109 209 -264 411 -809 471
-175 -121 -306 -130 -212 -61
130 -405 139 -696 185 94
-215 -2 332 -459 -168 313
-206 269 -60 164 -137 392
5
-372 604 -1129 -114 -25 -408
-267 1336 737 -238 -230 484
-784 -1015 -158 91 353 -153
20 598 -703 81 120 74
-807 427 316 -37 -446 -267
3
-248 -3349 -1898 2830 1756 961
-2415 -436 3942 2917 -558 -2827
-3592 3850 -51 2032 3130 1240
10
-2093 -2646 -791 -1640 672 299
-2000 -1070 934 -357 -118 2716
2243 979 1708 2992 -2090 -1694
-2574 63 1335 2687 -1746 3078
205 671 644 -165 2241 1489
-2533 2665 -2408 3094 2027 -616
2140 -2493 1779 1310 1002 3095
-376 -1693 -1112 -769 3051 -378
-697 1566 -1260 -106 1773 673
-676 -2242 -593 1238 2761 -51
10
283 -27 616 145 -53 240
-481 -1445 1290 197 265 -60
-755 1123 -364 144 311 69
863 1118 -1246 -355 -116 -59
189 461 1412 45 -22 -64
305 1319 586 356 61 -326
883 314 582 304 74 292
1538 1066 -464 -121 336 216
1153 -1358 104 -217 -103 356
494 -615 1247 -273 -205 339
7
-564 -1024 -914 1556 1263 -1187
455 1415 511 -14 1352 1251
-382 -1272 470 -1430 -1162 -973
-1506 -278 17 -777 1598 -913
1145 1105 -257 -1640 673 961
-1309 -1425 933 -1207 1383 -429
-991 -466 1343 949 -1062 -595
7
-1447 -2165 -1617 -2069 -171 1331
-3443 2904 2633 -717 641 396
-2822 -1081 -1421 1720 -1662 -2541
-245 -1947 -1846 2286 -1723 -494
-304 -2752 -3132 1093 -348 -188
-2756 -907 -2996 -795 1789 -182
2311 -3149 3347 -1144 158 -701
